# Created by Octave 8.2.0, Tue Apr 09 18:20:43 2024 GMT <unknown@DSIUBO-3JD93I42>
# name: Fclar
# type: matrix
# rows: 10
# columns: 50
 0 0 0 0 0 0 0 0 0 0 0 0 0 0 0 0 0 0 0 0 0 0 0 0 0 0 0 0 0 0 0 0 0 0 0 0 0 0 0 0 0 0 0 0 0 0 0 0 0 0
 6.8599999999999994 5.8800000000000008 5.8800000000000008 8.8199999999999985 7.8400000000000016 3.9200000000000017 5.879999999999999 6.8599999999999977 3.9199999999999982 3.9199999999999982 7.8400000000000016 7.8399999999999981 6.8599999999999977 6.8599999999999977 6.8599999999999994 6.8599999999999994 6.8599999999999994 6.8599999999999994 8.8199999999999985 7.8399999999999981 3.9199999999999982 8.8199999999999985 7.8399999999999999 8.8199999999999985 4.8999999999999986 4.8999999999999986 7.8399999999999999 6.8599999999999994 6.8599999999999994 5.879999999999999 6.8599999999999994 10.779999999999999 7.8399999999999999 5.879999999999999 7.8399999999999999 4.8999999999999986 4.8999999999999986 6.8599999999999994 8.8200000000000003 6.8599999999999994 4.8999999999999986 7.8399999999999999 5.879999999999999 10.779999999999999 6.8599999999999994 9.8000000000000007 5.879999999999999 4.8999999999999986 3.9200000000000017 4.8999999999999986
 27.439999999999998 24.5 25.48 29.399999999999999 26.460000000000001 21.560000000000002 25.479999999999997 26.459999999999997 22.539999999999999 22.539999999999999 27.440000000000001 28.419999999999998 26.459999999999997 25.479999999999997 24.5 25.479999999999997 25.479999999999997 25.48 28.419999999999998 26.460000000000001 22.539999999999999 27.439999999999998 28.419999999999998 29.399999999999999 24.5 23.52 25.48 25.48 26.460000000000001 25.48 25.48 30.379999999999999 27.440000000000001 23.52 27.439999999999998 24.5 23.52 25.48 28.420000000000002 24.5 24.5 26.460000000000001 25.48 30.379999999999999 25.48 28.420000000000002 24.5 24.5 21.559999999999999 23.52
 48.019999999999996 46.060000000000002 47.039999999999999 51.939999999999998 49 44.100000000000001 47.039999999999999 48.019999999999996 45.079999999999998 45.079999999999998 49 48.019999999999996 49 47.039999999999999 47.039999999999999 47.039999999999999 48.019999999999996 48.119999999999997 49.980000000000004 48.019999999999996 45.079999999999998 49 49.980000000000004 49.980000000000004 46.060000000000002 46.060000000000002 48.019999999999996 47.039999999999999 49 47.039999999999999 49 51.939999999999998 49.980000000000004 46.060000000000002 49 47.039999999999999 45.079999999999998 47.039999999999999 49 47.039999999999999 46.060000000000002 48.019999999999996 49 50.960000000000001 46.060000000000002 49.980000000000004 46.060000000000002 45.079999999999998 43.120000000000005 46.060000000000002
 71.540000000000006 70.560000000000002 70.560000000000002 75.460000000000008 72.52000000000001 65.659999999999997 70.560000000000002 71.539999999999992 69.579999999999998 68.599999999999994 71.539999999999992 71.539999999999992 71.539999999999992 70.560000000000002 68.599999999999994 70.560000000000002 70.560000000000002 70.560000000000002 73.5 69.579999999999998 68.599999999999994 70.560000000000002 72.519999999999996 73.5 70.560000000000002 69.579999999999998 71.540000000000006 70.560000000000002 72.519999999999996 70.560000000000002 72.519999999999996 75.460000000000008 72.52000000000001 68.599999999999994 71.540000000000006 69.579999999999998 68.599999999999994 68.599999999999994 72.52000000000001 69.579999999999998 68.599999999999994 71.539999999999992 72.52000000000001 73.5 68.599999999999994 73.5 69.579999999999998 68.599999999999994 66.640000000000001 69.579999999999998
 96.040000000000006 95.060000000000002 94.079999999999998 99.959999999999994 97.02000000000001 91.140000000000015 94.079999999999998 94.079999999999998 94.079999999999998 92.120000000000005 96.039999999999992 96.039999999999992 95.060000000000002 94.079999999999998 94.079999999999998 95.060000000000002 95.060000000000002 95.060000000000002 97.02000000000001 95.060000000000002 92.120000000000005 94.080000000000013 97 97.02000000000001 94.080000000000013 93.099999999999994 96.039999999999992 94.079999999999998 97.019999999999996 94.079999999999998 97.019999999999996 99.959999999999994 98 93.099999999999994 96.039999999999992 95.060000000000002 92.120000000000005 93.099999999999994 96.040000000000006 93.099999999999994 92.120000000000005 95.060000000000002 97.019999999999996 97.019999999999996 93.099999999999994 98 95.060000000000002 93.099999999999994 91.140000000000001 94.079999999999998
 123.48 122.5 122.5 126.42 124.46000000000001 118.58000000000001 122.48 122.5 121.52 120.54000000000001 121.52000000000001 123.48 122.5 121.52 122.5 123.48 123.48 123.47999999999999 124.46000000000001 121.52 120.54000000000001 121.52000000000001 125.44 124.46000000000001 121.52000000000001 121.52000000000001 124.45999999999999 122.5 125.44 122.5 123.47999999999999 127.40000000000001 124.45999999999999 120.53999999999999 121.52 122.5 120.54000000000001 121.52 123.48 121.52 119.56 123.48 123.48 123.48 120.53999999999999 124.45999999999999 122.5 119.56 119.56 121.52
 155.81999999999999 157.78 155.81999999999999 159.74000000000001 157.78 153.85999999999999 155.82999999999998 156.80000000000001 153.86000000000001 154.84 155.81999999999999 157.77999999999997 154.83999999999997 155.81999999999999 156.80000000000001 155.81999999999999 154.84 156.79999999999998 156.79999999999998 154.84 154.84 154.84 157.78 156.79999999999998 155.81999999999999 154.84 157.78 156.80000000000001 156.80000000000001 156.80000000000001 157.78 160.72 157.78 153.86000000000001 154.84 154.84 152.88 154.84 156.80000000000001 154.84 154.84 155.81999999999999 156.80000000000001 155.81999999999999 154.84 157.78 155.81999999999999 152.88 152.88 154.84
 195.01999999999998 195.02000000000001 195.01999999999998 197.95999999999998 196 193.06 194.04000000000002 195.01999999999998 194.04000000000002 195.02000000000001 194.03999999999999 196 194.04000000000002 194.04000000000002 195.02000000000001 194.03999999999999 194.03999999999999 196 196 193.06 194.03999999999999 193.06 196 196 196 194.03999999999999 196.98000000000002 195.02000000000001 196.98000000000002 195.02000000000001 196 198.94 194.03999999999999 191.10000000000002 194.04000000000002 192.08000000000001 192.08000000000001 192.08000000000001 194.03999999999999 193.06 192.08000000000001 196 196 194.03999999999999 192.08000000000001 195.02000000000001 194.03999999999999 192.08000000000001 192.08000000000001 193.06
 239.11999999999998 241.07999999999998 239.12 242.06 239.12 237.16 238.13999999999999 239.12 238.13999999999999 239.12 236.18000000000001 240.10000000000002 238.13999999999999 239.12 239.12 239.12 239.12 241.07999999999998 239.12 237.16 238.14000000000001 237.16 239.12 240.09999999999999 239.12 239.12 242.06 240.10000000000002 242.06 239.12 239.12 243.03999999999999 237.16 234.22 237.16 238.13999999999999 235.19999999999999 237.16 237.16 236.18000000000001 236.18000000000001 237.16 238.13999999999999 238.13999999999999 236.18000000000001 238.13999999999999 237.16 235.19999999999999 237.16 236.18000000000001


